-2.0, -1.0, 2.0, 1.0, 50, .01, 42, 21, bw, 0.693
-2.0, -1.0, 2.0, 1.0, 50, 420, 211, bw
-2.0, -2.0, 2.0, 2.0, 59, 421, 421, bw
-0.5, -0.5, 0.25, 0.25, 200, 800, 800, bw
0.09407887, -0.64586770, 0.21787293, -0.55921186, 500, 81, 63, bw
0.09407887, -0.64586770, 0.21787293, -0.55921186, 500, 801, 643, bw
0.09407887, -0.64586770, 0.21787293, -0.55921186, 500, 8001, 6423, bw
0.0, 0.0, 2.0, 2.0, 100, 51, 51, bw
-0.25, -0.25, 2.0, 2.0, 100, 51, 51, bw
-0.25, -0.25, 1.75, 1.75, 100, 51, 51, bw
0.09407887, -0.64586770, 0.21787293, -0.55921186, 500, .01, 801, 643, rgb, 2010.693
0.09407887, -0.64586770, 0.21787293, -0.55921186, 500, .01, 4001, 3211, rgb, 2110.693

