1, -2.25, -1.5, 1.5, 1.5, 100, .001, 600, 480, rgb, 000, 000, 255, 0.0000, 0.000, .2, 0.0, 0.0, .0
2, -2.25, -1.5, 1.5, 1.5, 1000, .001, 600, 480, rgb, 000, 000, 255, 0.0000, 0.000, .4, 0.0, 0.0, 05.1
3, -2.25, -1.5, 1.5, 1.5, 1000, .001, 600, 480, rgb, 200, 205, 255, 0.2, 0.6, .3, 3.0, 7.0, 04.1
4, -2.25, -1.5, 1.5, 1.5, 1000, .001, 6000, 4800, rgb, 200, 205, 255, 0.2, 0.6, .3, 3.0, 7.0, 04.1
4, -2.25, -1.5, 1.5, 1.5, 10000, .001, 600, 480, rgb, 000, 000, 255, 0.0000, 0.000, .6, 0.0, 0.0, 7.5
5, -2.25, -1.5, 1.5, 1.5, 100000, .001, 600, 480, rgb, 000, 000, 255, 0.0000, 0.000, .6, 0.0, 0.0, 9.0
6, -2.25, -1.5, 1.5, 1.5, 1000000, .001, 600, 480, rgb, 000, 000, 255, 0.0000, 0.000, .9, 0.0, 0.0, 15.0
7, -2.25, -1.5, 1.5, 1.5, 1000000, .001, 600, 480, rgb, 000, 000, 255, 0.0000, 0.000, .8, 0.0, 0.0, 15.0
8, -2.25, -1.5, 1.5, 1.5, 1000000, .001, 600, 480, rgb, 000, 000, 255, 0.0000, 0.000, .9, 0.0, 0.0, 18.0
9, -2.25, -1.5, 1.5, 1.5, 1000000, .001, 600, 480, rgb, 000, 000, 255, 0.0000, 0.000, .6, 0.0, 0.0, 21.0
10, -2.25, -1.5, 1.5, 1.5, 1000000, .001, 600, 480, rgb, 000, 000, 255, 0.0000, 0.000, .6, 0.0, 0.0, 24.0
6, 0.09407887, -0.64586770, 0.21787293, -0.55921186, 500, .01, 401, 321, rgb, 255, 255, 255, 2110.693, 0.0, 0.0, 0.0, 0.0, 0.0
7, 0.305909302848, 0.023240145246, 0.305938900379, 0.023225897988, 7000, 0.01, 101, 41, rgb, 000, 000, 255, 0.0000, 0.000, 0.0035, 0.9, 0.2, 400 
8, 0.305909302848, 0.023240145246, 0.305938900379, 0.023225897988, 7000, 0.01, 203, 86, rgb, 000, 000, 255, 0.0000, 0.000, 0.0035, 0.9, 0.2, 400 
9, 0.305909302848, 0.023240145246, 0.305938900379, 0.023225897988, 7000, 0.01, 407, 1727, rgb, 000, 000, 255, 0.0000, 0.000, 0.0035, 0.9, 0.2, 400 
10, 0.305909302848, 0.023240145246, 0.305938900379, 0.023225897988, 7000, 0.01, 8015, 3453, rgb, 000, 000, 255, 0.0000, 0.000, 0.0035, 0.9, 0.2, 400 
11, 0.305909302848, 0.023240145246, 0.305938900379, 0.023225897988, 7000, 0.01, 16031, 6907, rgb, 000, 000, 255, 0.0000, 0.000, 0.0035, 0.9, 0.2, 400 
3, -2.250000, -1.500000, 1.500000, 1.500000, 10000, 0.001000, 600, 480, rgb, 0, 0, 0, 255.000000, 255.000000, 255.000000, 0.000000, 0.000000, 1.200000
